1   282.376 2.309  GALFA_HI_RA+DEC_284.00+02.35_N.fits -46.2 1.0  17.9  2.4 
2   282.357 2.347  GALFA_HI_RA+DEC_284.00+02.35_N.fits -48.1 1.1  18.2  5.0 
3   282.885 2.133  GALFA_HI_RA+DEC_284.00+02.35_N.fits -45.1 2.2  17.8  8.8 
4   281.978 4.316  GALFA_HI_RA+DEC_284.00+02.35_N.fits -53.5 1.9  18.5  3.9 
5   284.302 3.214  GALFA_HI_RA+DEC_284.00+02.35_N.fits -47.0 3.1  17.6  7.5 
6   284.276 3.256  GALFA_HI_RA+DEC_284.00+02.35_N.fits -46.3 2.3  17.5  4.4 
7   284.355 3.337  GALFA_HI_RA+DEC_284.00+02.35_N.fits -50.1 1.8  17.9  3.7 
8   284.259 3.405  GALFA_HI_RA+DEC_284.00+02.35_N.fits -52.1 0.5  18.2  2.1 
9   282.386 4.510  GALFA_HI_RA+DEC_284.00+02.35_N.fits -56.8 1.5  18.9  5.2 
10  282.364 4.559  GALFA_HI_RA+DEC_284.00+02.35_N.fits -57.9 1.1  19.0  1.6  
11  284.525 3.503  GALFA_HI_RA+DEC_284.00+02.35_N.fits -60.4 1.5  19.4  4.5  
12  284.582 3.577  GALFA_HI_RA+DEC_284.00+02.35_N.fits -62.5 3.6  19.8  9.3  
13  284.679 3.546  GALFA_HI_RA+DEC_284.00+02.35_N.fits -57.2 1.5  18.9  5.6  
14  284.636 3.718  GALFA_HI_RA+DEC_284.00+02.35_N.fits -52.5 2.0  18.1  6.3  
15  284.045 4.029  GALFA_HI_RA+DEC_284.00+02.35_N.fits -61.7 1.1  19.5  2.2  
16  284.020 4.089  GALFA_HI_RA+DEC_284.00+02.35_N.fits -47.6 2.7  17.5  5.7  
17  284.091 4.137  GALFA_HI_RA+DEC_284.00+02.35_N.fits -48.1 4.9  17.5  3.6  
18  283.749 4.405  GALFA_HI_RA+DEC_284.00+02.35_N.fits -56.0 1.2  18.6  2.2  
19  283.818 4.408  GALFA_HI_RA+DEC_284.00+02.35_N.fits -51.4 1.3  17.9  2.7  
20  283.854 4.407  GALFA_HI_RA+DEC_284.00+02.35_N.fits -52.7 1.2  18.1  3.4  
21  284.242 4.247  GALFA_HI_RA+DEC_284.00+02.35_N.fits -50.4 1.2  17.8  3.3  
22  283.941 4.411  GALFA_HI_RA+DEC_284.00+02.35_N.fits -53.9 2.9  18.2  9.0  
23  282.734 5.062  GALFA_HI_RA+DEC_284.00+02.35_N.fits -61.1 1.5  19.3  3.5  
24  283.848 4.523  GALFA_HI_RA+DEC_284.00+02.35_N.fits -53.8 1.5  18.2  5.1  
25  283.781 4.576  GALFA_HI_RA+DEC_284.00+02.35_N.fits -52.2 2.1  18.0  0.2  
26  283.845 4.553  GALFA_HI_RA+DEC_284.00+02.35_N.fits -53.6 0.9  18.2  6.3  
27  283.763 4.614  GALFA_HI_RA+DEC_284.00+02.35_N.fits -51.6 1.8  17.9  3.2  
28  283.749 4.640  GALFA_HI_RA+DEC_284.00+02.35_N.fits -54.0 1.7  18.2  3.3  
29  282.519 5.266  GALFA_HI_RA+DEC_284.00+02.35_N.fits -57.7 1.9  18.8  5.2  
30  284.399 4.316  GALFA_HI_RA+DEC_284.00+02.35_N.fits -51.0 1.5  17.8  3.8  
31  283.826 4.609  GALFA_HI_RA+DEC_284.00+02.35_N.fits -53.8 1.6  18.2  5.8  
32  283.753 4.666  GALFA_HI_RA+DEC_284.00+02.35_N.fits -51.4 0.8  17.9  2.4  
33  284.493 4.297  GALFA_HI_RA+DEC_284.00+02.35_N.fits -50.8 2.0  17.8  1.9  
34  284.418 4.335  GALFA_HI_RA+DEC_284.00+02.35_N.fits -51.0 1.8  17.8  3.1  
35  284.772 4.257  GALFA_HI_RA+DEC_284.00+02.35_N.fits -49.1 2.1  17.5  4.7  
36  283.735 4.796  GALFA_HI_RA+DEC_284.00+02.35_N.fits -58.5 1.2  18.9  3.9  
37  284.252 4.541  GALFA_HI_RA+DEC_284.00+02.35_N.fits -48.5 2.8  17.4  8.6  
38  282.849 5.266  GALFA_HI_RA+DEC_284.00+02.35_N.fits -54.7 1.6  18.3  4.0  
39  282.729 5.345  GALFA_HI_RA+DEC_284.00+02.35_N.fits -60.8 1.2  19.2  3.1  
40  283.762 4.830  GALFA_HI_RA+DEC_284.00+02.35_N.fits -47.1 2.1  17.2  8.4  
41  284.264 4.601  GALFA_HI_RA+DEC_284.00+02.35_N.fits -48.4 1.2  17.4  2.2  
42  283.892 4.792  GALFA_HI_RA+DEC_284.00+02.35_N.fits -57.8 3.2  18.7  3.4  
43  284.554 4.471  GALFA_HI_RA+DEC_284.00+02.35_N.fits -52.7 2.3  18.0  3.7  
44  283.821 4.874  GALFA_HI_RA+DEC_284.00+02.35_N.fits -51.8 2.4  17.8  4.8  
45  284.037 4.763  GALFA_HI_RA+DEC_284.00+02.35_N.fits -57.8 2.6  18.7  8.1  
46  284.651 4.460  GALFA_HI_RA+DEC_284.00+02.35_N.fits -51.0 1.2  17.7  6.0  
47  283.934 4.854  GALFA_HI_RA+DEC_284.00+02.35_N.fits -54.8 1.7  18.2  4.5  
48  284.001 4.820  GALFA_HI_RA+DEC_284.00+02.35_N.fits -56.8 1.1  18.5  6.2  
49  283.822 4.930  GALFA_HI_RA+DEC_284.00+02.35_N.fits -51.8 2.6  17.8  0.7  
50  283.476 5.116  GALFA_HI_RA+DEC_284.00+02.35_N.fits -61.6 1.4  19.3  2.6  
51  283.942 4.906  GALFA_HI_RA+DEC_284.00+02.35_N.fits -52.9 1.2  18.0  4.1  
52  284.064 4.853  GALFA_HI_RA+DEC_284.00+02.35_N.fits -57.2 1.0  18.6  6.7  
53  283.145 5.331  GALFA_HI_RA+DEC_284.00+02.35_N.fits -51.1 1.2  17.7  3.9  
54  283.491 5.164  GALFA_HI_RA+DEC_284.00+02.35_N.fits -63.0 2.3  19.5  4.8  
55  285.009 4.389  GALFA_HI_RA+DEC_284.00+02.35_N.fits -47.9 1.9  17.3  0.3  
56  283.856 4.996  GALFA_HI_RA+DEC_284.00+02.35_N.fits -52.1 1.7  17.8  6.6  
57  284.969 4.437  GALFA_HI_RA+DEC_284.00+02.35_N.fits -45.9 3.2  17.0  8.0  
58  282.985 5.478  GALFA_HI_RA+DEC_284.00+02.35_N.fits -54.8 0.9  18.2  5.8  
59  283.787 5.154  GALFA_HI_RA+DEC_284.00+02.35_N.fits -56.3 2.4  18.4  7.0  
60  282.964 5.694  GALFA_HI_RA+DEC_284.00+02.35_N.fits -54.1 1.3  18.0  3.9  
61  284.324 5.010  GALFA_HI_RA+DEC_284.00+02.35_N.fits -62.2 2.6  19.3  5.7  
62  284.809 4.801  GALFA_HI_RA+DEC_284.00+02.35_N.fits -48.3 1.9  17.3  4.5  
63  283.397 5.549  GALFA_HI_RA+DEC_284.00+02.35_N.fits -54.6 2.0  18.1  6.6  
64  284.054 5.251  GALFA_HI_RA+DEC_284.00+02.35_N.fits -52.0 0.9  17.7  5.5  
65  284.437 5.084  GALFA_HI_RA+DEC_284.00+02.35_N.fits -62.5 2.4  19.3  4.0  
66  284.977 4.873  GALFA_HI_RA+DEC_284.00+02.35_N.fits -49.7 0.8  17.4  2.9  
67  284.510 5.206  GALFA_HI_RA+DEC_284.00+02.35_N.fits -49.4 2.7  17.4  0.9  
68  282.926 6.170  GALFA_HI_RA+DEC_284.00+02.35_N.fits -55.8 1.5  18.2  4.4  
69  284.329 5.495  GALFA_HI_RA+DEC_284.00+02.35_N.fits -50.4 1.1  17.4  6.0  
70  284.623 5.391  GALFA_HI_RA+DEC_284.00+02.35_N.fits -54.6 2.3  18.0  9.8  
71  284.617 5.413  GALFA_HI_RA+DEC_284.00+02.35_N.fits -54.5 2.6  18.0  9.6  
72  284.002 5.736  GALFA_HI_RA+DEC_284.00+02.35_N.fits -55.3 0.9  18.1  5.7  
73  283.824 5.921  GALFA_HI_RA+DEC_284.00+02.35_N.fits -56.1 3.0  18.2  3.8  
74  284.428 5.687  GALFA_HI_RA+DEC_284.00+02.35_N.fits -50.1 1.7  17.3  4.7  
75  282.921 6.528  GALFA_HI_RA+DEC_284.00+10.35_N.fits -58.1 1.6  18.4  2.1  
76  283.629 6.422  GALFA_HI_RA+DEC_284.00+02.35_N.fits -60.3 3.8  18.6  6.1  
77  284.246 6.193  GALFA_HI_RA+DEC_284.00+02.35_N.fits -51.1 1.0  17.4  3.6  
78  284.441 6.205  GALFA_HI_RA+DEC_284.00+02.35_N.fits -55.6 3.3  17.9  2.7  
79  284.359 6.303  GALFA_HI_RA+DEC_284.00+02.35_N.fits -54.6 1.6  17.8  4.3  
80  284.540 6.343  GALFA_HI_RA+DEC_284.00+02.35_N.fits -59.2 2.0  18.4  7.3  
81  285.265 6.141  GALFA_HI_RA+DEC_284.00+02.35_N.fits -49.1 2.3  17.0  0.1  
82  283.963 6.813  GALFA_HI_RA+DEC_284.00+10.35_N.fits -53.0 1.7  17.5  3.2  
83  284.693 6.639  GALFA_HI_RA+DEC_284.00+10.35_N.fits -58.6 1.0  18.2  5.7  
84  284.278 6.859  GALFA_HI_RA+DEC_284.00+10.35_N.fits -54.4 1.2  17.6  1.6  
85  283.310 7.452  GALFA_HI_RA+DEC_284.00+10.35_N.fits -56.6 1.4  17.9  7.4  
86  284.706 6.866  GALFA_HI_RA+DEC_284.00+10.35_N.fits -60.3 1.3  18.4  3.9  
87  285.196 6.644  GALFA_HI_RA+DEC_284.00+10.35_N.fits -50.9 2.5  17.1  8.1  
88  285.106 6.690  GALFA_HI_RA+DEC_284.00+10.35_N.fits -50.9 3.2  17.1  9.1  
89  285.275 6.688  GALFA_HI_RA+DEC_284.00+10.35_N.fits -52.0 1.9  17.2  3.6  
90  285.500 6.667  GALFA_HI_RA+DEC_284.00+10.35_N.fits -52.6 0.8  17.3  3.1  
91  283.666 7.628  GALFA_HI_RA+DEC_284.00+10.35_N.fits -62.0 2.1  18.5  4.9  
92  285.201 7.073  GALFA_HI_RA+DEC_284.00+10.35_N.fits -50.6 3.1  17.0  5.7  
93  284.861 7.275  GALFA_HI_RA+DEC_284.00+10.35_N.fits -56.1 2.7  17.7  0.3  
94  285.724 6.862  GALFA_HI_RA+DEC_284.00+10.35_N.fits -55.2 1.7  17.5  2.7  
95  281.966 8.770  GALFA_HI_RA+DEC_284.00+10.35_N.fits -61.1 1.9  18.3  5.9  
96  284.888 7.345  GALFA_HI_RA+DEC_284.00+10.35_N.fits -61.0 1.7  18.3  3.5  
97  283.473 8.079  GALFA_HI_RA+DEC_284.00+10.35_N.fits -61.7 1.7  18.4  4.5  
98  285.214 7.225  GALFA_HI_RA+DEC_284.00+10.35_N.fits -52.1 3.3  17.1  7.3  
99  285.270 7.207  GALFA_HI_RA+DEC_284.00+10.35_N.fits -50.0 3.1  16.9  5.1  
100 285.161 7.308  GALFA_HI_RA+DEC_284.00+10.35_N.fits -58.0 2.0  17.9  4.4    
101 284.967 7.426  GALFA_HI_RA+DEC_284.00+10.35_N.fits -60.4 2.1  18.2  4.1    
102 285.304 7.273  GALFA_HI_RA+DEC_284.00+10.35_N.fits -53.9 4.3  17.3  6.0    
103 285.207 7.341  GALFA_HI_RA+DEC_284.00+10.35_N.fits -50.2 5.3  16.9  0.0    
104 285.375 7.283  GALFA_HI_RA+DEC_284.00+10.35_N.fits -53.9 2.8  17.3  3.7    
105 285.010 7.508  GALFA_HI_RA+DEC_284.00+10.35_N.fits -58.7 2.7  17.9  7.0    
106 285.186 7.427  GALFA_HI_RA+DEC_284.00+10.35_N.fits -57.1 1.4  17.7  5.2    
107 283.590 8.272  GALFA_HI_RA+DEC_284.00+10.35_N.fits -55.9 2.4  17.5  8.6    
108 284.251 7.939  GALFA_HI_RA+DEC_284.00+10.35_N.fits -59.2 2.6  18.0  6.1    
109 285.278 7.568  GALFA_HI_RA+DEC_284.00+10.35_N.fits -57.8 1.5  17.8  7.8    
110 285.222 7.662  GALFA_HI_RA+DEC_284.00+10.35_N.fits -57.1 3.6  17.6  1.1    
111 283.746 8.409  GALFA_HI_RA+DEC_284.00+10.35_N.fits -58.6 1.9  17.8  3.3    
112 285.315 7.623  GALFA_HI_RA+DEC_284.00+10.35_N.fits -55.7 2.6  17.5  2.8    
113 284.754 7.908  GALFA_HI_RA+DEC_284.00+10.35_N.fits -60.7 2.3  18.1  4.7    
114 286.111 7.245  GALFA_HI_RA+DEC_284.00+10.35_N.fits -58.5 3.7  17.8  6.2    
115 284.201 8.227  GALFA_HI_RA+DEC_284.00+10.35_N.fits -62.5 2.4  18.4  5.4    
116 286.063 7.297  GALFA_HI_RA+DEC_284.00+10.35_N.fits -54.9 3.8  17.4  8.5    
117 285.336 7.679  GALFA_HI_RA+DEC_284.00+10.35_N.fits -57.1 2.2  17.6  8.3    
118 284.860 7.930  GALFA_HI_RA+DEC_284.00+10.35_N.fits -56.8 1.8  17.6  4.8    
119 285.388 7.690  GALFA_HI_RA+DEC_284.00+10.35_N.fits -56.6 0.7  17.5  5.2    
120 283.845 8.471  GALFA_HI_RA+DEC_284.00+10.35_N.fits -56.1 1.5  17.5  3.0    
121 285.448 7.678  GALFA_HI_RA+DEC_284.00+10.35_N.fits -56.9 1.6  17.6  3.7    
122 284.250 8.286  GALFA_HI_RA+DEC_284.00+10.35_N.fits -59.4 1.1  17.9  3.4    
123 284.310 8.274  GALFA_HI_RA+DEC_284.00+10.35_N.fits -59.3 1.9  17.9  5.6    
124 286.091 7.368  GALFA_HI_RA+DEC_284.00+10.35_N.fits -57.5 1.5  17.7  3.8    
125 283.867 8.497  GALFA_HI_RA+DEC_284.00+10.35_N.fits -58.4 1.7  17.8  4.4    
126 283.886 8.498  GALFA_HI_RA+DEC_284.00+10.35_N.fits -60.8 1.6  18.1  5.1    
127 286.233 7.333  GALFA_HI_RA+DEC_284.00+10.35_N.fits -53.7 1.0  17.2  1.9    
128 286.121 7.409  GALFA_HI_RA+DEC_284.00+10.35_N.fits -58.6 2.4  17.8  4.0    
129 284.085 8.443  GALFA_HI_RA+DEC_284.00+10.35_N.fits -61.5 1.5  18.2  3.0    
130 284.180 8.462  GALFA_HI_RA+DEC_284.00+10.35_N.fits -63.6 2.1  18.5  9.1    
131 285.229 8.004  GALFA_HI_RA+DEC_284.00+10.35_N.fits -58.7 1.1  17.8  2.3    
132 285.627 7.877  GALFA_HI_RA+DEC_284.00+10.35_N.fits -66.7 1.5  18.9  3.1    
133 285.612 7.904  GALFA_HI_RA+DEC_284.00+10.35_N.fits -59.6 0.9  17.9  2.7    
134 284.906 8.365  GALFA_HI_RA+DEC_284.00+10.35_N.fits -57.6 1.6  17.6  4.3    
135 284.981 8.346  GALFA_HI_RA+DEC_284.00+10.35_N.fits -57.8 1.2  17.6  3.5    
136 285.184 8.262  GALFA_HI_RA+DEC_284.00+10.35_N.fits -61.4 2.3  18.1  4.2    
137 285.030 8.368  GALFA_HI_RA+DEC_284.00+10.35_N.fits -59.4 1.7  17.8  9.3    
138 285.671 8.051  GALFA_HI_RA+DEC_284.00+10.35_N.fits -59.2 1.5  17.8  4.6    
139 284.978 8.451  GALFA_HI_RA+DEC_284.00+10.35_N.fits -59.6 1.8  17.8  4.3    
140 285.878 8.086  GALFA_HI_RA+DEC_284.00+10.35_N.fits -59.1 2.8  17.7  3.2    
141 285.280 8.484  GALFA_HI_RA+DEC_284.00+10.35_N.fits -60.6 1.6  17.9  7.9    
142 285.536 8.522  GALFA_HI_RA+DEC_284.00+10.35_N.fits -55.4 1.5  17.2  2.7    
143 285.593 8.503  GALFA_HI_RA+DEC_284.00+10.35_N.fits -55.6 2.6  17.2  7.0    
144 286.038 8.286  GALFA_HI_RA+DEC_284.00+10.35_N.fits -60.6 2.2  17.8  7.7    
145 285.503 8.567  GALFA_HI_RA+DEC_284.00+10.35_N.fits -55.8 0.8  17.2  2.9    
146 285.911 8.623  GALFA_HI_RA+DEC_284.00+10.35_N.fits -57.0 1.8  17.3  4.3    
147 285.814 8.709  GALFA_HI_RA+DEC_284.00+10.35_N.fits -55.4 3.3  17.1  4.0    
148 285.859 8.723  GALFA_HI_RA+DEC_284.00+10.35_N.fits -60.3 1.5  17.7  2.3    
149 286.139 8.732  GALFA_HI_RA+DEC_284.00+10.35_N.fits -57.9 2.1  17.4  4.5    
150 286.132 8.810  GALFA_HI_RA+DEC_284.00+10.35_N.fits -60.6 2.7  17.7  6.6    
151 285.716 9.031  GALFA_HI_RA+DEC_284.00+10.35_N.fits -56.3 2.1  17.1  7.0    
152 286.041 9.091  GALFA_HI_RA+DEC_284.00+10.35_N.fits -58.6 1.2  17.4  3.2    
153 285.001 9.702  GALFA_HI_RA+DEC_284.00+10.35_N.fits -60.5 1.4  17.6  5.4    
154 285.995 9.601  GALFA_HI_RA+DEC_284.00+10.35_N.fits -55.6 1.6  16.9  7.6    
155 286.295 9.542  GALFA_HI_RA+DEC_284.00+10.35_N.fits -56.3 2.3  16.9  7.1    
156 286.285 9.575  GALFA_HI_RA+DEC_284.00+10.35_N.fits -57.6 1.8  17.1  5.3    
157 286.442 9.748  GALFA_HI_RA+DEC_284.00+10.35_N.fits -57.1 1.6  17.0  4.8    
158 286.056 10.011 GALFA_HI_RA+DEC_284.00+10.35_N.fits -56.6 1.3  16.9  5.0    
159 286.715 10.323 GALFA_HI_RA+DEC_284.00+10.35_N.fits -58.2 2.0  16.9  4.1    
160 286.629 10.413 GALFA_HI_RA+DEC_284.00+10.35_N.fits -57.3 2.5  16.8  4.1    
161 285.761 11.068 GALFA_HI_RA+DEC_284.00+10.35_N.fits -63.4 1.1  17.5  2.3    
162 285.750 11.139 GALFA_HI_RA+DEC_284.00+10.35_N.fits -64.5 2.4  17.6  3.8    
163 287.892 10.077 GALFA_HI_RA+DEC_284.00+10.35_N.fits -65.0 0.8  17.7  5.1    
164 287.922 10.222 GALFA_HI_RA+DEC_284.00+10.35_N.fits -65.2 2.0  17.7  7.3    
165 286.093 11.247 GALFA_HI_RA+DEC_284.00+10.35_N.fits -69.2 2.2  18.2  4.5    
166 287.542 10.605 GALFA_HI_RA+DEC_284.00+10.35_N.fits -73.1 1.8  18.8  2.8    
167 287.734 10.553 GALFA_HI_RA+DEC_284.00+10.35_N.fits -69.8 1.4  18.3  4.4    
168 285.869 11.547 GALFA_HI_RA+DEC_284.00+10.35_N.fits -73.2 1.0  18.8  3.2    
169 287.657 10.677 GALFA_HI_RA+DEC_284.00+10.35_N.fits -73.2 3.1  18.8  4.2    
170 287.417 10.912 GALFA_HI_RA+DEC_284.00+10.35_N.fits -71.1 1.0  18.4  3.5    
171 287.960 10.691 GALFA_HI_RA+DEC_284.00+10.35_N.fits -66.4 1.3  17.7  2.5    
172 287.740 10.851 GALFA_HI_RA+DEC_284.00+10.35_N.fits -62.1 2.6  17.1  6.5    
173 286.217 11.793 GALFA_HI_RA+DEC_284.00+10.35_N.fits -67.2 1.4  17.8  4.1    
174 287.661 11.352 GALFA_HI_RA+DEC_284.00+10.35_N.fits -58.9 1.9  16.6  6.1    
